[REDACTED]
MIME-Version: 1.0
Received: by [REDACTED] with HTTP; Mon, 4 Jun 2018 11:52:52 -0700 (PDT)
From: =?UTF-8?Q?Anthony_T=2E_Setrinamair=C3=A9?= <qpzympraddjjnymblns@gmail.com>
Date: Mon, 4 Jun 2018 20:52:52 +0200
Message-ID: [REDACTED]
Subject: Gateway status report
To: [REDACTED]
Content-Type: multipart/mixed; boundary="000000000000e6227d056dd5701b"

--000000000000e6227d056dd5701b
Content-Type: multipart/alternative; boundary="000000000000e62279056dd57019"

--000000000000e62279056dd57019
Content-Type: text/plain; charset="UTF-8"

 01100111 01100001 01110100 01100101 01110111 01100001 01111001 00111010
00100000 01110000 01101100 01100001 01111001 01100100 01100101 01100001
01100100 00101110 01100011 01101111 01101101 00001101 00001010 00101111
00101111 00101111 00101111 00101111 00101111 00101111 00101111 00101111
00101111 00101111 00101111 00101111 00101111 00101111 00101111 00101111
00101111 00101111 00101111 00101111 00001101 00001010 01100111 01100001
01110100 01100101 01110111 01100001 01111001 00100000 01100001 01110101
01110100 01101000 00101110 00111010 01011111 01011111 01011111 01011111
01011111 01011111 01011111 00001101 00001010 01011111 01011111 01011111
01110010 01100101 01110001 01110101 01101001 01110010 01100101 01100100
00101111 00101111 00101111 00101111 00101111 00101111 00101111 00101111
00101111 00101111 00001101 00001010 00101111 00101111 00101111 00101111
00101111 00101111 00101111 00101111 00101111 00101111 00101111 00101111
00101111 00101111 00101111 00101111 00101111 00101111 00101111 00101111
00101111 00001101 00001010 01100111 01100001 01110100 01100101 01110111
01100001 01111001 00100000 01100001 01110101 01110100 01101000 00101110
00111010 01011111 01011111 01011111 01011111 01011111 01011111 01011111
00001101 00001010 01011111 01011111 01011111 01011111 01011111 01011111
01110010 01100101 01101010 01100101 01100011 01110100 01100101 01100100
00101111 00101111 00101111 00101111 00101111 00101111 00101111 00001101
00001010 00101111 00101111 00101111 00101111 00101111 00101111 00101111
00101111 00101111 00101111 00101111 00101111 00101111 00101111 00101111
00101111 00101111 00101111 00101111 00101111 00101111 00001101 00001010
01110010 01100101 01101010 01100101 01100011 01110100 01101001 01101111
01101110 00100000 01110010 01100101 01100001 01110011 01101111 01101110
00111010 01011111 01011111 01011111 01011111 00001101 00001010 01011111
01100011 01101111 01101101 01101101 01110011 00100000 01101000 01100001
01101110 01100100 01101100 01100101 00100000 01101001 01101110 01110000
01110101 01110100 00101111 00101111

--000000000000e62279056dd57019
Content-Type: text/html; charset="UTF-8"
Content-Transfer-Encoding: quoted-printable

<div dir=3D"ltr">

<span style=3D"color:rgb(34,34,34);font-size:12.8px;font-style:normal;font-=
variant-ligatures:normal;font-variant-caps:normal;font-weight:400;letter-sp=
acing:normal;text-align:start;text-indent:0px;text-transform:none;white-spa=
ce:normal;word-spacing:0px;text-decoration-style:initial;text-decoration-co=
lor:initial;font-family:sans-serif;background-color:rgb(255,255,255);float:=
none;display:inline">01100111 01100001 01110100 01100101 01110111 01100001 =
01111001 00111010 00100000 01110000 01101100 01100001 01111001 01100100 011=
00101 01100001 01100100 00101110 01100011 01101111 01101101 00001101 000010=
10 00101111 00101111 00101111 00101111 00101111 00101111 00101111 00101111 =
00101111 00101111 00101111 00101111 00101111 00101111 00101111 00101111 001=
01111 00101111 00101111 00101111 00101111 00001101 00001010 01100111 011000=
01 01110100 01100101 01110111 01100001 01111001 00100000 01100001 01110101 =
01110100 01101000 00101110 00111010 01011111 01011111 01011111 01011111 010=
11111 01011111 01011111 00001101 00001010 01011111 01011111 01011111 011100=
10 01100101 01110001 01110101 01101001 01110010 01100101 01100100 00101111 =
00101111 00101111 00101111 00101111 00101111 00101111 00101111 00101111 001=
01111 00001101 00001010 00101111 00101111 00101111 00101111 00101111 001011=
11 00101111 00101111 00101111 00101111 00101111 00101111 00101111 00101111 =
00101111 00101111 00101111 00101111 00101111 00101111 00101111 00001101 000=
01010 01100111 01100001 01110100 01100101 01110111 01100001 01111001 001000=
00 01100001 01110101 01110100 01101000 00101110 00111010 01011111 01011111 =
01011111 01011111 01011111 01011111 01011111 00001101 00001010 01011111 010=
11111 01011111 01011111 01011111 01011111 01110010 01100101 01101010 011001=
01 01100011 01110100 01100101 01100100 00101111 00101111 00101111 00101111 =
00101111 00101111 00101111 00001101 00001010 00101111 00101111 00101111 001=
01111 00101111 00101111 00101111 00101111 00101111 00101111 00101111 001011=
11 00101111 00101111 00101111 00101111 00101111 00101111 00101111 00101111 =
00101111 00001101 00001010 01110010 01100101 01101010 01100101 01100011 011=
10100 01101001 01101111 01101110 00100000 01110010 01100101 01100001 011100=
11 01101111 01101110 00111010 01011111 01011111 01011111 01011111 00001101 =
00001010 01011111 01100011 01101111 01101101 01101101 01110011 00100000 011=
01000 01100001 01101110 01100100 01101100 01100101 00100000 01101001 011011=
10 01110000 01110101 01110100 00101111 00101111</span><div class=3D"gmail-y=
j6qo" style=3D"color:rgb(34,34,34);font-family:arial,sans-serif;font-size:1=
2.8px;font-style:normal;font-variant-ligatures:normal;font-variant-caps:nor=
mal;font-weight:400;letter-spacing:normal;text-align:start;text-indent:0px;=
text-transform:none;white-space:normal;word-spacing:0px;background-color:rg=
b(255,255,255);text-decoration-style:initial;text-decoration-color:initial"=
></div><br class=3D"gmail-Apple-interchange-newline">

<br></div>

--000000000000e62279056dd57019--
--000000000000e6227d056dd5701b
Content-Type: image/jpeg; name="printer.jpg"
Content-Disposition: attachment; filename="printer.jpg"
Content-Transfer-Encoding: base64
X-Attachment-Id: f_ji0m45xg0

/9j/4AAQSkZJRgABAQAAAQABAAD/4QBQRXhpZgAASUkqAAgAAAACADEBAgAHAAAAJgAAADsBAgAa
AAAALQAAAAAAAABQaWNhc2EAQW5kcmVhcyBOb3JtYW5kIEdyw7hudHZlZAAA/+EBu2h0dHA6Ly9u
cy5hZG9iZS5jb20veGFwLzEuMC8APD94cGFja2V0IGJlZ2luPSLvu78iIGlkPSJXNU0wTXBDZWhp
SHpyZVN6TlRjemtjOWQiPz4gPHg6eG1wbWV0YSB4bWxuczp4PSJhZG9iZTpuczptZXRhLyIgeDp4
bXB0az0iWE1QIENvcmUgNS41LjAiPiA8cmRmOlJERiB4bWxuczpyZGY9Imh0dHA6Ly93d3cudzMu
b3JnLzE5OTkvMDIvMjItcmRmLXN5bnRheC1ucyMiPiA8cmRmOkRlc2NyaXB0aW9uIHJkZjphYm91
dD0iIiB4bWxuczpkYz0iaHR0cDovL3B1cmwub3JnL2RjL2VsZW1lbnRzLzEuMS8iPiA8ZGM6Y3Jl
YXRvcj4gPHJkZjpTZXE+IDxyZGY6bGk+QW5kcmVhcyBOb3JtYW5kIEdyw7hudHZlZDwvcmRmOmxp
PiA8L3JkZjpTZXE+IDwvZGM6Y3JlYXRvcj4gPC9yZGY6RGVzY3JpcHRpb24+IDwvcmRmOlJERj4g
PC94OnhtcG1ldGE+ICAgPD94cGFja2V0IGVuZD0idyI/Pv/bAIQACAYGBwYFCAcHBwkJCAoMFA0M
CwsMGRITDxQdGh8eHRocHCAkLicgIjgjHBwoNSksMDE0NT0fLTk1OC41LjM0MgEJCQkNCg0NDQ0O
JhUVFSYmJiYmJiYmJiYmJiYuJiYmJiYmJiYmJiYmJiYmJiYmJiYmJiYmJiYmJiYmJiYmJiYm/8AA
EQgAHQAdAwERAAIRAQMRAf/EABoAAAIDAQEAAAAAAAAAAAAAAAMEAgUGBwH/xAAwEAABAwMABgcJ
AAAAAAAAAAABAgMEAAURBhITIjGSFBYhQVGh0RUzNVJTcYGR4f/EABYBAQEBAAAAAAAAAAAAAAAA
AAABAv/EABYRAQEBAAAAAAAAAAAAAAAAAABBEf/aAAwDAQACEQMRAD8A5XZLHAlWxEmQ3tFOax7V
lOqAcd1BPoujXy+bnrQNsWSySWtoywlaOGUur4/uiM1pBAZt9xDbAIbW2FhJOcdpGPKitDaZjMHR
iO8+vVRvDhnJKj/alB7ZcYTdtjJXLZSpLYyCsA1UAjPQIVzX0Z4raeTrLKFFaUqKuJxwoKjS74q1
4bAY5lUU9Fty7lopEZQsIUFqVk9+8qs0Kx7RbVx2zIcmoe1d9KWVYB5K0JtWJlycjoLzwQgBalPI
KcnPAZA8KIBpdj2s2R3sj87yqKWgX+Zb4wYbDS2wSQFpPZn7EUwM9bZ/0Y3Kr1oPets/Huo3Kr1o
Kq4TXp8rbPkFWMAJGABQf//Z
--000000000000e6227d056dd5701b--

