10	9.998	2.353804963467953e-29
11	10.995	7.038179929235268e-29
12	11.98	2.076944068006284e-28
13	12.961	6.102120114161363e-28
14	13.961	1.830636034248409e-27
15	14.922	5.261572179742807e-27
16	15.884	1.5139313405463817e-26
17	16.828	4.270794197961782e-26
18	17.724	1.142902777839688e-25
19	18.656	3.1818983225968383e-25
20	19.563	8.618571238103925e-25
21	20.434	2.243922682232114e-24
22	21.329	5.998344593587064e-24
23	22.204	1.568601079017804e-23
24	23.001	3.765114165938539e-23
25	23.801	9.067240877313185e-23
26	24.569	2.1081634368540155e-22
27	25.353	4.98846972155551e-22
28	26.15	1.1973827040042982e-21
29	26.881	2.6730594498863554e-21
30	27.549	5.5683383419646874e-21
31	28.244	1.1948816397638163e-20
32	28.948	2.589513927911451e-20
33	29.669	5.717717261652625e-20
34	30.278	1.116322093329049e-19
35	30.97	2.3875772292287935e-19
36	31.558	4.555171431541291e-19
37	32.145	8.68110286998993e-19
38	32.78	1.7440016815289743e-18
39	33.464	3.697411924794427e-18
40	34.046	7.007811441683227e-18
41	34.328	9.552798159051228e-18
42	35.089	2.2040420525354463e-17
43	35.49	3.424092588549791e-17
44	36.011	6.069119284361144e-17
45	36.579	1.132740806369538e-16
46	37.099	2.0055504834970876e-16
47	37.542	3.2628590567933617e-16
48	38.048	5.688813145660783e-16
49	38.443	8.779798824041501e-16
50	38.896	1.4441772296844243e-15
51	39.269	2.175638428580788e-15
52	39.694	3.470269909096079e-15
53	40.091	5.367603069685843e-15
54	40.609	9.482638673903397e-15
55	41.02	1.4894503753691013e-14
56	41.352	2.1450148086434503e-14
57	41.655	2.992251097700318e-14
58	42.131	5.0478652393114386e-14
59	42.52	7.739411176475458e-14
60	42.844	1.1048293601611716e-13
61	43.17	1.5806537131281304e-13
62	43.434	2.1125001434733941e-13
63	43.844	3.3144880804835147e-13
64	44.077	4.281399104623202e-13
65	44.4	6.105143539128211e-13
66	44.796	9.432697258985168e-13
67	45.058	1.2578871042084728e-12
68	45.375	1.7819236935920057e-12
69	45.684	2.502185887065371e-12
70	45.833	2.9472069807682586e-12
71	46.142	4.1384823267451395e-12
72	46.552	6.493230490737289e-12
73	46.772	8.268514557844651e-12
74	46.952	1.0076490997462906e-11
75	47.324	1.5163464120326537e-11
76	47.668	2.212728550881373e-11
77	47.68	2.2420928548288224e-11
78	48.072	3.448935928748009e-11
79	48.221	4.062339292205811e-11
80	48.611	6.235244426020579e-11
81	48.924	8.794120972914694e-11
82	49.071	1.0335446897810007e-10
83	49.322	1.361716484449027e-10
84	49.586	1.8198965686644808e-10
85	49.778	2.247263443140428e-10
86	50.026	2.951073717263216e-10
87	50.182	3.502764777596302e-10
88	50.365	4.282764198683261e-10
89	50.638	5.780671178257106e-10
90	50.636	5.767983689206537e-10
91	51.018	8.775752024191556e-10
92	51.181	1.0496756130667729e-09
93	51.247	1.128613160681838e-09
94	51.471	1.4435115770523302e-09
95	51.799	2.0697411908758127e-09
96	51.921	2.3665998678190843e-09
97	52.127	2.967644087729218e-09
98	52.285	3.5301809956670925e-09
99	52.516	4.550006137546097e-09
100	52.604	5.011856790371695e-09
101	52.837	6.47392859885229e-09
102	52.928	7.154609575153049e-09
103	53.054	8.216809484716621e-09
104	53.27	1.0417449612908576e-08
105	53.414	1.2203007247942798e-08
106	53.512	1.359016570691852e-08
107	53.659	1.597208367145548e-08
108	53.824	1.9146376010586736e-08
109	54.072	2.5142742920572982e-08
110	54.165	2.7847417854164526e-08
111	54.325	3.3198948776867856e-08
112	54.381	3.5305561469443574e-08
113	54.614	4.560499105534404e-08
114	54.71	5.0677597204540735e-08
115	54.769	5.40712200951249e-08
116	55.123	7.977505155593734e-08
117	55.149	8.20865959276666e-08
118	55.423	1.1091836774476913e-07
119	55.583	1.3223391944117586e-07
120	55.683	1.4758934188162903e-07
121	55.677	1.4661968045050866e-07
122	55.937	1.950939468779357e-07
123	56.037	2.177488752242039e-07
124	56.161	2.4952781053961587e-07
125	56.26	2.7819797225133394e-07
126	56.231	2.69474356658179e-07
127	56.336	3.024232494903684e-07
128	56.417	3.305689034349102e-07
129	56.425	3.334870447508388e-07
130	56.648	4.260661256056926e-07
131	56.897	5.601188641005281e-07
132	56.712	4.5710162718147655e-07
133	57.069	6.766203496142699e-07
134	57.059	6.692275984973562e-07
135	57.299	8.711299469709502e-07
136	57.363	9.345847799584245e-07
137	57.627	1.2490468123110002e-06
138	57.687	1.3341540860322448e-06
139	57.58	1.1861893388190254e-06
140	57.667	1.3051594299026617e-06
141	57.859	1.6116504227724567e-06
142	58.046	1.979212937220842e-06
143	58.0	1.8816764231589208e-06
144	58.109	2.121051239374728e-06
145	58.383	2.8660409012669363e-06
146	58.303	2.624899520518859e-06
147	58.471	3.1569598190134463e-06
148	58.653	3.855716755194553e-06
149	58.732	4.205306958656178e-06
150	58.816	4.611857579457466e-06
151	58.806	4.561468442785745e-06
152	58.89	5.002451192775685e-06
153	58.998	5.632639488975793e-06
154	59.063	6.049574607744341e-06
155	59.109	6.363153718124184e-06
156	59.054	5.990054114358417e-06
157	59.34	8.201389250905312e-06
158	59.231	7.275807629770833e-06
159	59.492	9.691920774867627e-06
160	59.449	9.244717434479951e-06
161	59.603	1.0948895599490585e-05
162	59.671	1.1798167565004198e-05
163	59.741	1.2741279649148141e-05
164	59.684	1.1967877530071172e-05
165	59.757	1.2967223249185976e-05
166	59.939	1.58373697533658e-05
167	60.013	1.7178689464750192e-05
168	59.999	1.6916492929006093e-05
169	60.039	1.767645539747522e-05
170	60.21	2.1329610078797338e-05
171	60.398	2.6222959981284038e-05
172	60.246	2.2190101127849837e-05
173	60.374	2.5540582743650545e-05
174	60.403	2.6367400659254285e-05
175	60.562	3.1399996376454164e-05
176	60.613	3.320953402871356e-05
177	60.595	3.255926551675544e-05
178	60.562	3.1399996376454164e-05
179	60.744	3.8350026317274115e-05
180	60.956	4.8407802976446246e-05
181	60.893	4.517069089837923e-05
182	60.87	4.404361365534984e-05
183	61.098	5.658047518161943e-05
184	61.061	5.432667233489827e-05
185	61.279	6.9028039284147e-05
186	61.236	6.584295652652316e-05
187	61.315	7.18128070186817e-05
188	61.402	7.901534704529344e-05
189	61.548	9.276222457418315e-05
190	61.468	8.49574472923266e-05
191	61.65	0.00010376180622594868
192	61.761	0.00011721899198025596
193	61.737	0.00011416870429332973
194	61.904	0.00013715963533491305
195	61.991	0.0001509162033420389
196	62.009	0.00015393027793555498
197	61.946	0.00014363669856927284
198	61.912	0.0001383704304054401
199	62.243	0.00019905377906370448
200	62.201	0.00019007777274445374
201	62.298	0.00021145214553567438
202	62.303	0.00021261686116202756
203	62.329	0.00021877760063092295
204	62.253	0.00020125266484008635
205	62.45	0.0002498817431426426
206	62.473	0.00025627622358533194
207	62.542	0.0002764583313038946
208	62.478	0.0002576878381211735
209	62.674	0.00031960214685296105
210	62.583	0.00028919558181785156
211	62.571	0.0002854080370930783
212	62.673	0.00031925122080807294
213	62.814	0.000372740568780323
214	62.728	0.0003391362672051851
215	62.769	0.0003547612750441145
216	62.94	0.00042807901797035306
217	62.826	0.0003776870713013172
218	62.888	0.00040430921180145495
219	62.928	0.0004224725408032124
220	63.142	0.0005344442822484865
221	63.077	0.0004976105204151849
222	63.116	0.0005193944235148757
223	62.987	0.00045076339443872676
224	63.224	0.0005848256039896343
225	63.136	0.0005309329852877968
226	63.131	0.0005280245332434377
227	63.338	0.0006628544879156685
228	63.236	0.0005925866087387084
229	63.352	0.0006731283757222784
230	63.354	0.0006746090159870239
231	63.325	0.00065345490877509
232	63.43	0.0007333534788168012
233	63.456	0.0007546029681418994
234	63.568	0.000853406781567562
235	63.595	0.0008791001689523968
236	63.598	0.0008820023195785929
237	63.642	0.0009256846506690602
238	63.738	0.001028647803221861
239	63.619	0.0009025874147569979
240	63.79	0.0010891231972642147
241	63.757	0.001050345083184064
242	63.782	0.0010795929457893775
243	63.811	0.0011145422967144343
244	63.955	0.0013055755708280014
245	63.831	0.0011393023144522924
246	64.069	0.0014797687046064082
247	63.993	0.0013612334822676944
248	63.97	0.0013272686424611682
249	64.105	0.0015394663606009536
250	64.15	0.0016174864824161507
251	64.114	0.0015547633505086677
252	64.094	0.0015209742783296243
253	64.21	0.001727698416382571
254	64.323	0.0019560620934244224
255	64.192	0.001693868737310226
256	64.414	0.002161726124951323
257	64.257	0.001819251049554972
258	64.299	0.0019051611940254828
259	64.494	0.0023603172018649503
260	64.349	0.0020127405190051195
261	64.58	0.0025941960839972085
262	64.499	0.0023733182443523558
263	64.642	0.0027770539520071587
264	64.588	0.0026170966977442094
265	64.656	0.002820096793620209
266	64.755	0.0031441193181674138
267	64.651	0.00280464829727135
268	64.745	0.00310976668361495
269	64.805	0.003321659273822977
270	64.931	0.0038148051461719744
271	64.788	0.003260198328345572
272	64.836	0.0034367333762420293
273	64.905	0.003707380891758432
274	65.068	0.004434431715596557
275	65.002	0.004124278354914333
276	65.094	0.004562922834988873
277	65.02	0.0042066477912694345
278	64.988	0.004061329926902881
279	65.202	0.005137741150303388
280	65.228	0.005286611209397677
281	65.278	0.005585131915740251
282	65.235	0.005327423489594003
283	65.371	0.006185940122745507
284	65.365	0.0061452985189835154
285	65.356	0.006084836218149098
286	65.595	0.007911901520571571
287	65.346	0.006018353323016637
288	65.574	0.00773145667591685
289	65.541	0.0074561789940737425
290	65.407	0.00643549677595824
291	65.653	0.008432452543610554
292	65.701	0.008889057714138896
293	65.682	0.008705433896679673
294	65.789	0.009791345971379345
295	65.792	0.009823669888318188
296	65.829	0.01023121583597075
297	65.861	0.01059729750427072
298	65.876	0.01077337917967487
299	65.939	0.011545442550203578
300	65.977	0.012037635597737305
301	66.113	0.013977505856720923
302	65.907	0.011146607387905376
303	66.004	0.012400050850686238
304	66.138	0.014366722864928513
305	65.985	0.012143899439916178
306	66.082	0.013509489061574967
307	66.026	0.012703404695746155
308	65.983	0.012117245858277653
309	65.998	0.012318582562390155
310	65.974	0.011998026822439996
311	66.164	0.014783009871090139
312	66.1	0.013779298444862932
313	66.184	0.015111420544876145
314	66.203	0.015430165912495594
315	66.171	0.01489713370526419
316	66.178	0.015012138567702223
317	66.211	0.015566377770879766
318	66.177	0.01499565510391854
319	66.126	0.014178564370053538
320	66.241	0.016087968361504827
321	66.309	0.017335862305450346
322	66.314	0.017431351285580175
323	66.291	0.016996412634909072
324	66.306	0.017278820183759046
325	66.361	0.018355057700319748
326	66.315	0.01745051210553965
327	66.266	0.0165359532150252
328	66.36	0.018334903681124518
329	66.432	0.019844098001334645
330	66.407	0.01930649032787472
331	66.431	0.019822309002435232
332	66.379	0.018721642015667714
333	66.466	0.020599348535991324
334	66.445	0.020129544123373092
335	66.443	0.020085363549390806
336	66.334	0.01781859595839185
337	66.455	0.02035190899615354
338	66.52	0.02185838311207817
339	66.448	0.020195997266195604
340	66.512	0.021667113760351457
341	66.454	0.02032956241619368
342	66.479	0.02089565850965342
343	66.531	0.022124138440479054
344	66.612	0.024183167782357004
345	66.64	0.024938629554860786
346	66.537	0.022270455249222484
347	66.644	0.02504846224476274
348	66.604	0.023971555660787316
349	66.642	0.024993485568064428
350	66.64	0.024938629554860786
351	66.669	0.025745960613573215
352	66.665	0.02563306952745955
353	66.649	0.025186433582526587
354	66.643	0.02502095880690195
355	66.68	0.026058981306035855
356	66.799	0.029698523861946515
357	66.665	0.02563306952745955
358	66.721	0.027259595414744483
359	66.713	0.027021063355141275
360	66.735	0.0276821044722381
361	66.843	0.031169382524603217
362	66.767	0.028672593887153753
363	66.832	0.030794975651713512
364	66.891	0.032857159734057874
365	66.831	0.030761162490211894
366	66.756	0.02832817845940384
367	66.944	0.03482711063818494
368	66.805	0.029894933464406793
369	66.809	0.030026594306058134
370	66.896	0.033038142751671114
371	66.912	0.033624014588522204
372	66.897	0.03307445880627234
373	66.967	0.0357183373242583
374	66.927	0.03418270163304224
375	66.921	0.0339581214095486
376	66.97	0.03583625334645154
377	66.976	0.03607325449526827
378	67.073	0.040129716112224365
379	67.056	0.0393871925447314
380	67.0	0.037037037037037035
381	67.052	0.03921448727992964
382	67.077	0.04030645215362998
383	67.096	0.04115663661319098
384	67.14	0.0431949734601577
385	67.073	0.040129716112224365
386	67.191	0.04568423906157389
387	67.167	0.04449543791645243
388	67.167	0.04449543791645243
389	67.153	0.04381630871384068
390	67.188	0.045533919113364255
391	67.269	0.04977162878768056
392	67.176	0.04493756921738036
393	67.207	0.04649436659372068
394	67.281	0.05043212970411647
395	67.358	0.05488398601896506
396	67.157	0.044009280947419585
397	67.283	0.0505430622462135
398	67.331	0.05327989633292897
399	67.265	0.049553389766971996
400	67.332	0.053338462446614304
401	67.338	0.05369121352116873
402	67.334	0.05345578787517555
403	67.353	0.05458333142457565
404	67.39	0.05684778206108615
405	67.394	0.05709814645280197
406	67.403	0.057665505241789566
407	67.418	0.058623658843866805
408	67.485	0.06310155249582616
409	67.469	0.06200205789587126
410	67.463	0.06159470460446668
411	67.449	0.06065459108762296
412	67.453	0.06092172111894251
413	67.404	0.057728892086887945
414	67.458	0.06125728867911934
415	67.489	0.06337945923614481
416	67.551	0.06784690595809331
417	67.518	0.06543122418229698
418	67.56	0.06852107037134197
419	67.661	0.07656202034114441
420	67.554	0.06807088719204801
421	67.595	0.07120711368514414
422	67.65	0.07564235673871718
423	67.644	0.07514538673428822
424	67.634	0.07432434855234835
425	67.644	0.07514538673428822
426	67.675	0.07774869044985216
427	67.715	0.08124149992061484
428	67.692	0.07921440128809398
429	67.703	0.08017749398897928
430	67.767	0.08601778166146126
431	67.682	0.07834890507011706
432	67.761	0.08545264515360593
433	67.781	0.0873510109814333
434	67.762	0.08554657606705172
435	67.77	0.08630174993689714
436	67.837	0.09289379938957183
437	67.86	0.0952709541827679
438	67.794	0.0886075058515509
439	67.799	0.08909557158583954
440	67.94	0.1040232013667958
441	67.836	0.09279180115853479
442	67.839	0.09309813232914418
443	68.028	0.11458212854357933
444	67.892	0.09867983054769827
445	67.848	0.09402320690505764
446	67.934	0.10333976931796976
447	67.985	0.1092950949592456
448	68.006	0.1118459385141059
449	67.897	0.09922337641881702
450	68.042	0.11635808986655534
451	67.953	0.1055195162625503
452	68.021	0.11370433875556149
453	68.043	0.11648599253882871
454	68.107	0.12497106325374607
455	68.036	0.11559361764583816
456	68.079	0.12118533554366201
457	68.062	0.11894303292123451
458	67.994	0.11038111152144031
459	68.123	0.12718719952181767
460	68.132	0.12845100193885534
461	68.134	0.12873354793212566
462	68.185	0.13615228133894863
463	68.216	0.14086908106938986
464	68.168	0.13363304403910375
465	68.247	0.14574928753439775
466	68.19	0.13690223206296415
467	68.185	0.13615228133894863
468	68.214	0.1405598998569462
469	68.193	0.1373541838570158
470	68.226	0.14242521841153274
471	68.268	0.14915093726873607
472	68.222	0.14180071121843021
473	68.312	0.15653783464938953
474	68.348	0.16285297145012073
475	68.296	0.15381028679869488
476	68.29	0.15279975378244312
477	68.368	0.16647081751451245
478	68.367	0.1662880310527991
479	68.378	0.16830976935223885
480	68.362	0.16537710485821264
481	68.375	0.16775596094190057
482	68.408	0.17394941097577893
483	68.415	0.17529228863776955
484	68.47	0.1862106346468928
485	68.487	0.18972105963049918
486	68.476	0.1874421287405011
487	68.472	0.18662023105275696
488	68.523	0.19737489263662067
489	68.543	0.20175965744734048
490	68.546	0.20242572138053216
491	68.539	0.20087498014960453
492	68.546	0.20242572138053216
493	68.571	0.20806245904085405
494	68.545	0.2022034561095142
495	68.613	0.21788775276238967
496	68.606	0.21621856013401008
497	68.643	0.22518862926211755
498	68.662	0.22993853561306027
499	68.623	0.22029469164418825
500	68.602	0.21527048332857163
501	68.702	0.24026837512849658
502	68.673	0.23273413996908518
503	68.721	0.24533635873270035
504	68.664	0.23044431766968324
505	68.748	0.25272266294383583
506	68.807	0.26964622406837047
507	68.749	0.2530004597345117
508	68.717	0.24426060598001403
509	68.774	0.26004549931613796
510	68.861	0.2861270326153094
511	68.812	0.2711314829195585
512	68.851	0.2830008098507238
513	68.787	0.26378610669110825
514	68.831	0.27685046241190703
515	68.907	0.30095839947344516
516	68.869	0.2886528573580569
517	68.883	0.29312682129074336
518	68.893	0.2963649029842661
519	68.905	0.300297852232433
520	68.951	0.3158637621447533
521	68.937	0.3110427666682711
522	68.928	0.3079824822455418
523	68.968	0.3218183954241705
524	69.039	0.34792567158850474
525	69.007	0.3359066440724685
526	69.0	0.3333333333333333
527	69.028	0.343746385630738
528	68.962	0.319704049754697
529	69.096	0.3704097295187188
530	69.06	0.3560459258165002
531	69.024	0.3422391238352243
532	69.051	0.35254286476729557
533	69.101	0.37245001148904733
534	69.088	0.3671685003539097
535	69.167	0.40045894124807185
536	69.094	0.36959674963409866
537	69.171	0.40222261004213317
538	69.164	0.39914126651943377
539	69.169	0.401339806851384
540	69.202	0.4161570331745744
541	69.215	0.42214321663682347
542	69.267	0.446961504576052
543	69.211	0.42029219981375365
544	69.241	0.43437514576063035
545	69.272	0.44942344719404126
546	69.279	0.4528929657432849
547	69.322	0.47480117965614266
548	69.286	0.4563892687405628
549	69.331	0.4795190669963607
550	69.282	0.4543880895648375
551	69.309	0.4680682822471594
552	69.368	0.49941245254353733
553	69.356	0.492871733670077
554	69.356	0.492871733670077
555	69.409	0.5224218568463018
556	69.426	0.5322705034702335
557	69.409	0.5224218568463018
558	69.355	0.4923305560533562
559	69.438	0.5393340688768155
560	69.469	0.5580185210628413
561	69.478	0.563563301971002
562	69.491	0.5716698412080167
563	69.473	0.560476100981121
564	69.531	0.5973517378929345
565	69.506	0.5811685443799683
566	69.571	0.6241873771225622
567	69.549	0.6092819525200225
568	69.547	0.6079446929072567
569	69.583	0.6324707374356414
570	69.612	0.6529455301236391
571	69.616	0.655821179877174
572	69.623	0.6608840749325647
573	69.658	0.6867908980608471
574	69.615	0.6551010822962412
575	69.68	0.7035924952629681
576	69.689	0.7105837797590856
577	69.689	0.7105837797590856
578	69.703	0.7215974459008134
579	69.76	0.7682293563943777
580	69.709	0.7263696920954241
581	69.749	0.7590013792035352
582	69.753	0.7623441115270507
583	69.771	0.7775695277990371
584	69.766	0.7733100002401505
585	69.808	0.8098278705238443
586	69.809	0.8107180462635696
587	69.817	0.8178747685135693
588	69.833	0.8323783014919468
589	69.842	0.8406492730462405
590	69.857	0.8546172618061681
591	69.879	0.8755245496508225
592	69.905	0.900893556697299
593	69.895	0.891050397455501
594	69.912	0.9078483938900994
595	69.928	0.9239474467366255
596	69.948	0.9444733211134692
597	69.962	0.959112149264091
598	69.979	0.9771932393008746
599	69.985	0.9836558546332104
600	70.0	1.0
